ETTh1_720'_'96_FITS_ETTh1_ftM_sl96_ll48_pl96_H2_0  
mse:0.5520733594894409, mae:0.4925493001937866, rse:0.7057587504386902, corr:[0.25809404 0.2554469  0.2505814  0.24566263 0.2420566  0.24061707
 0.24067654 0.24094133 0.2408847  0.24115567 0.24222286 0.24365899
 0.2447088  0.24515516 0.24510288 0.24487764 0.24404652 0.2427841
 0.24116161 0.23972516 0.23925939 0.24022397 0.24199513 0.2437977
 0.24410488 0.24268971 0.24013071 0.23787445 0.23679197 0.23747598
 0.23932086 0.24071974 0.2406192  0.23841457 0.23499437 0.23237592
 0.23230529 0.23430644 0.23662823 0.23742376 0.23750259 0.23768127
 0.23872752 0.24095416 0.2437209  0.24544568 0.24524383 0.24305643
 0.23951358 0.2361534  0.23425493 0.2339024  0.23334783 0.23166487
 0.22900255 0.22629473 0.22446553 0.22436745 0.22555834 0.22710024
 0.22769867 0.22678384 0.22474428 0.22285472 0.2222319  0.22340573
 0.22600088 0.228405   0.22987716 0.23047481 0.23036224 0.22945604
 0.22710358 0.2240884  0.2207022  0.21731561 0.21456802 0.21266359
 0.2117891  0.2111969  0.21050672 0.20962936 0.20894605 0.20902131
 0.21016279 0.21209346 0.21393403 0.21474282 0.21497476 0.21585037
 0.2179693  0.22119687 0.22471398 0.22585437 0.22520389 0.22099832]

